0,382
0,380
0,379
19,1602
0,377
0,375
0,374
0,373
0,372
0,370
19,911
0,368
19,2523
19,2459
0,366
0,365
0,364
0,363
19,1600
0,359
0,356
0,355
0,353
0,937
0,935
0,934
0,902
0,897
0,894
0,885
0,884
0,883
0,875
0,870
0,869
0,868
0,860
0,857
0,848
0,846
0,842
0,838
0,835
0,833
0,637
0,576
0,547
0,531
0,528
0,523
0,519
0,515
0,514
0,497
0,494
0,493
0,485
0,484
0,475
0,472
0,469
0,465
0,464
0,461
0,459
0,457
0,456
0,454
0,453
0,451
0,449
0,448
0,399
0,398
0,397
0,396
0,395
0,394
0,393
0,392
0,391
0,389
0,387
0,386
0,383
0,381
0,378
0,376
0,371
0,369
0,367
0,362
0,361
0,360
0,358
0,357
0,354
0,243
36,1
36,126
36,3
0,388
36,0
19,929
19,907
19,948
19,6
19,2521
19,5
19,2457
19,1268
19,4
19,1
19,1469
19,1470
19,3
0,343
19,0
0,9
0,310
0,305
0,308
0,304
0,303
0,302
0,307
0,12
0,342
0,10
0,8
0,0
0,400
0,947
0,300
0,324
0,299
0,890
0,298
0,940
0,297
0,406
0,296
0,416
0,295
0,384
0,294
0,306
0,293
0,403
0,292
0,323
0,313
0,291
0,322
0,290
0,321
0,289
0,320
0,288
0,447
0,287
0,898
0,286
0,905
0,285
0,936
0,284
0,446
0,283
0,404
0,282
0,957
0,281
0,425
0,280
0,279
0,419
0,278
0,401
0,277
0,411
0,276
0,420
0,415
0,275
0,445
0,274
0,314
0,273
0,347
0,272
0,405
0,271
0,855
0,270
0,414
0,938
0,939
1,1
1,3
2,1
2,3
2,5
4,1
4,3
5,1
5,2
5,5
5,8
5,10
5,15
6,1
9,1
9,3
9,7
10,2
10,3
11,0
11,3
11,4
12,1
12,4
13,1
13,4
15,1
15,3
16,5
16,15
16,22
16,39
16,46
16,62
16,71
16,74
16,79
16,83
16,86
16,156
16,197
16,217
16,221
16,232
16,244
16,254
16,269
16,279
16,296
16,309
16,322
16,335
16,386
16,400
16,403
16,425
16,426
16,444
16,449
16,451
16,454
16,456
16,459
16,469
16,478
16,490
16,517
16,530
16,535
17,0
17,1
18,1
19,2
19,64
19,67
19,72
19,73
19,75
19,77
19,79
19,80
19,82
19,85
19,86
19,89
19,90
19,94
19,97
19,99
19,102
19,103
19,105
19,321
19,324
19,329
19,332
19,334
19,337
19,342
19,346
19,350
19,352
19,354
19,359
19,364
19,367
19,372
19,375
19,377
19,379
19,382
19,392
19,402
19,411
19,419
19,430
19,440
19,443
19,448
19,453
19,459
19,460
19,467
19,472
19,475
19,479
19,480
19,482
19,485
19,487
19,490
19,492
19,495
19,496
19,498
19,500
19,501
19,503
19,504
19,506
19,508
19,509
19,511
19,571
19,611
19,641
19,642
19,647
19,651
19,655
19,656
19,660
19,665
19,667
19,670
19,672
19,676
19,680
19,682
19,686
19,690
19,694
19,696
19,698
19,700
19,701
19,703
19,705
19,708
19,712
19,714
19,717
19,719
19,723
19,725
19,729
19,732
19,733
19,736
19,738
19,741
19,744
19,746
19,749
19,751
19,754
19,757
19,759
19,762
19,763
19,767
19,768
19,771
19,775
19,776
19,779
19,781
19,784
19,787
19,789
19,792
19,794
19,797
19,798
19,801
19,805
19,806
19,809
19,811
19,814
19,817
19,819
19,822
19,824
19,827
19,828
19,832
19,835
19,836
19,840
19,841
19,844
19,847
19,849
19,852
19,854
19,857
19,859
19,862
19,865
19,866
19,870
19,871
19,874
19,878
19,879
19,882
19,884
19,887
19,890
19,892
19,895
19,900
19,902
19,903
19,905
19,908
19,909
19,912
19,914
19,917
19,918
19,920
19,921
19,923
19,924
19,926
19,928
19,930
19,932
19,933
19,935
19,937
19,938
19,940
19,941
19,943
19,944
19,946
19,949
19,950
19,952
19,954
19,956
19,961
19,962
19,964
19,966
19,968
19,971
19,972
19,974
19,975
19,977
19,979
19,981
19,984
19,985
19,988
19,989
19,991
19,993
19,994
19,997
19,998
19,1000
19,1001
19,1004
19,1006
19,1007
19,1009
19,1010
19,1012
19,1014
19,1015
19,1017
19,1018
19,1020
19,1021
19,1023
19,1025
19,1026
19,1028
19,1029
19,1031
19,1033
19,1034
19,1036
19,1037
19,1039
19,1041
19,1042
19,1044
19,1045
19,1047
19,1048
19,1050
19,1052
19,1053
19,1055
19,1056
19,1058
19,1060
19,1061
19,1063
19,1064
19,1066
19,1067
19,1069
19,1071
19,1072
19,1074
19,1075
19,1077
19,1079
19,1080
19,1082
19,1083
19,1085
19,1086
19,1088
19,1090
19,1091
19,1093
19,1094
19,1096
19,1098
19,1099
19,1101
19,1102
19,1104
19,1105
19,1107
19,1109
19,1110
19,1112
19,1113
19,1115
19,1117
19,1118
19,1120
19,1121
19,1123
19,1125
19,1126
19,1128
19,1129
19,1131
19,1132
19,1134
19,1136
19,1137
19,1139
19,1140
19,1142
19,1144
19,1145
19,1147
19,1148
19,1150
19,1151
19,1153
19,1155
19,1156
19,1158
19,1159
19,1161
19,1163
19,1164
19,1166
19,1167
19,1169
19,1170
19,1172
19,1174
19,1175
19,1177
19,1178
19,1180
19,1182
19,1183
19,1185
19,1186
19,1188
19,1190
19,1191
19,1193
19,1194
19,1196
19,1197
19,1199
19,1201
19,1202
19,1204
19,1205
19,1207
19,1209
19,1210
19,1212
19,1213
19,1215
19,1216
19,1218
19,1220
19,1221
19,1223
19,1224
19,1226
19,1228
19,1229
19,1231
19,1232
19,1234
19,1235
19,1237
19,1239
19,1240
19,1242
19,1243
19,1245
19,1247
19,1248
19,1250
19,1251
19,1253
19,1254
19,1256
19,1258
19,1259
19,1261
19,1262
19,1264
19,1266
19,1267
19,1271
19,1272
19,1276
19,1278
19,1279
19,1282
19,1283
19,1287
19,1288
19,1290
19,1292
19,1293
19,1296
19,1297
19,1299
19,1302
19,1304
19,1307
19,1309
19,1311
19,1312
19,1315
19,1318
19,1319
19,1322
19,1323
19,1325
19,1328
19,1329
19,1331
19,1333
19,1336
19,1337
19,1341
19,1343
19,1344
19,1346
19,1347
19,1349
19,1351
19,1352
19,1354
19,1355
19,1357
19,1359
19,1360
19,1362
19,1363
19,1365
19,1366
19,1368
19,1370
19,1371
19,1372
19,1373
19,1375
19,1377
19,1378
19,1380
19,1381
19,1383
19,1384
19,1399
19,1409
19,1410
19,1412
19,1413
19,1415
19,1417
19,1418
19,1420
19,1421
19,1423
19,1424
19,1426
19,1428
19,1429
19,1431
19,1432
19,1434
19,1436
19,1437
19,1439
19,1440
19,1442
19,1443
19,1445
19,1447
19,1448
19,1450
19,1451
19,1453
19,1455
19,1456
19,1458
19,1459
19,1461
19,1463
19,1464
19,1466
19,1467
19,1471
19,1474
19,1498
19,1512
19,1514
19,1528
19,1530
19,1541
19,1562
19,1570
19,1578
19,1583
19,1589
19,1592
19,1597
19,1601
19,1605
19,1609
19,1611
19,1616
19,1622
19,1624
19,1628
19,1632
19,1636
19,1639
19,1644
19,1649
19,1652
19,1657
19,1659
19,1663
19,1666
19,1670
19,1674
19,1676
19,1682
19,1685
19,1687
19,1690
19,1692
19,1695
19,1697
19,1700
19,1703
19,1704
19,1708
19,1709
19,1712
19,1716
19,1717
19,1720
19,1722
19,1725
19,1727
19,1730
19,1733
19,1735
19,1738
19,1739
19,1743
19,1746
19,1747
19,1750
19,1752
19,1755
19,1757
19,1760
19,1763
19,1765
19,1768
19,1769
19,1773
19,1776
19,1777
19,1781
19,1782
19,1785
19,1788
19,1790
19,1793
19,1795
19,1798
19,1800
19,1803
19,1806
19,1808
19,1811
19,1812
19,1815
19,1819
19,1820
19,1823
19,1825
19,1828
19,1830
19,1833
19,1836
19,1838
19,1841
19,1842
19,1846
19,1849
19,1850
19,1853
19,1855
19,1858
19,1860
19,1863
19,1866
19,1868
19,1871
19,1873
19,1876
19,1879
19,1880
19,1884
19,1885
19,1888
19,1890
19,1893
19,1896
19,1898
19,1901
19,1903
19,1906
19,1909
19,1911
19,1914
19,1915
19,1918
19,1922
19,1923
19,1926
19,1928
19,1931
19,1933
19,1936
19,1939
19,1941
19,1944
19,1945
19,1949
19,1952
19,1953
19,1957
19,1958
19,1961
19,1963
19,1966
19,1969
19,1971
19,1974
19,1976
19,1979
19,1982
19,1983
19,1987
19,1988
19,1991
19,1993
19,1996
19,1999
19,2001
19,2004
19,2006
19,2009
19,2012
19,2014
19,2017
19,2018
19,2022
19,2025
19,2026
19,2029
19,2031
19,2034
19,2036
19,2039
19,2042
19,2044
19,2047
19,2048
19,2052
19,2055
19,2056
19,2060
19,2061
19,2064
19,2066
19,2069
19,2072
19,2074
19,2077
19,2079
19,2082
19,2085
19,2087
19,2090
19,2091
19,2094
19,2096
19,2099
19,2102
19,2104
19,2107
19,2109
19,2112
19,2115
19,2117
19,2120
19,2121
19,2125
19,2126
19,2129
19,2132
19,2134
19,2137
19,2139
19,2142
19,2145
19,2147
19,2150
19,2151
19,2155
19,2158
19,2159
19,2163
19,2164
19,2167
19,2169
19,2172
19,2175
19,2177
19,2180
19,2182
19,2185
19,2188
19,2190
19,2193
19,2194
19,2197
19,2199
19,2202
19,2205
19,2207
19,2210
19,2212
19,2215
19,2218
19,2220
19,2223
19,2224
19,2228
19,2229
19,2232
19,2236
19,2237
19,2240
19,2242
19,2245
19,2248
19,2250
19,2253
19,2255
19,2258
19,2261
19,2262
19,2266
19,2267
19,2270
19,2272
19,2275
19,2278
19,2280
19,2283
19,2285
19,2288
19,2291
19,2293
19,2296
19,2297
19,2300
19,2302
19,2305
19,2307
19,2308
19,2310
19,2311
19,2313
19,2315
19,2316
19,2318
19,2319
19,2321
19,2322
19,2324
19,2326
19,2327
19,2329
19,2330
19,2332
19,2334
19,2335
19,2337
19,2338
19,2340
19,2341
19,2343
19,2345
19,2346
19,2348
19,2349
19,2351
19,2353
19,2354
19,2356
19,2357
19,2359
19,2361
19,2362
19,2364
19,2365
19,2367
19,2368
19,2370
19,2372
19,2373
19,2375
19,2376
19,2378
19,2380
19,2381
19,2383
19,2384
19,2386
19,2387
19,2389
19,2391
19,2392
19,2394
19,2395
19,2397
19,2399
19,2400
19,2402
19,2403
19,2405
19,2406
19,2408
19,2410
19,2411
19,2413
19,2414
19,2416
19,2418
19,2419
19,2421
19,2422
19,2424
19,2426
19,2427
19,2429
19,2430
19,2432
19,2433
19,2435
19,2437
19,2438
19,2440
19,2441
19,2443
19,2445
19,2446
19,2448
19,2449
19,2451
19,2452
19,2454
19,2456
19,2458
19,2460
19,2461
19,2463
19,2465
19,2466
19,2468
19,2469
19,2471
19,2472
19,2474
19,2476
19,2477
19,2479
19,2480
19,2482
19,2484
19,2485
19,2487
19,2488
19,2490
19,2492
19,2493
19,2495
19,2496
19,2498
19,2499
19,2501
19,2503
19,2504
19,2506
19,2507
19,2509
19,2511
19,2512
19,2514
19,2515
19,2517
19,2518
19,2520
19,2524
19,2526
19,2527
19,2529
19,2531
19,2532
19,2534
19,2535
19,2537
19,2538
19,2540
19,2542
19,2543
19,2545
19,2546
19,2548
19,2550
19,2551
19,2553
19,2554
19,2556
19,2557
19,2559
19,2561
19,2563
19,2566
19,2567
19,2571
19,2574
19,2575
19,2579
19,2580
19,2583
19,2586
19,2588
19,2591
19,2593
19,2596
19,2598
19,2601
19,2604
19,2605
19,2609
19,2610
19,2613
19,2617
19,2618
19,2621
19,2623
19,2626
19,2628
19,2631
19,2634
19,2636
19,2639
19,2640
19,2644
19,2647
19,2648
19,2651
19,2653
19,2656
19,2658
19,2661
19,2664
19,2666
19,2669
19,2670
19,2674
19,2677
19,2678
19,2682
19,2683
19,2686
20,1
20,3
21,1
21,3
22,1
22,3
23,1
23,3
23,4
24,1
24,2
25,0
25,2
25,3
26,1
26,3
27,0
27,1
28,0
28,2
28,3
28,5
28,6
28,8
28,10
28,11
28,13
28,14
28,17
28,18
28,21
28,24
28,26
28,29
28,31
28,34
28,37
28,39
28,42
28,43
28,47
28,48
28,51
28,55
28,56
28,59
28,61
28,64
28,67
28,69
28,72
28,74
28,77
28,80
28,82
28,85
28,86
28,89
28,91
28,94
28,97
28,129
28,132
28,134
28,137
28,192
28,194
29,1
29,3
30,1
30,3
31,0
31,3
32,0
32,3
32,4
33,1
34,0
34,1
35,0
35,1
36,2
36,5
36,11
36,16
36,21
36,35
36,64
36,66
36,84
36,85
36,87
36,88
36,90
36,101
36,102
36,104
36,111
36,122
36,125
37,1
38,0
38,1
38,4
5,3
5,11
5,6
15,0
16,0
16,3
18,4
11,5
12,3
13,3
19,1270
19,1275
14,1
16,2
9,2
14,3
14,0
16,6
16,4
10,4
9,6
6,3
6,0
19,1284
19,1281
19,1273
12,5
10,5
9,5
9,0
18,0
5,17
5,9
38,3
37,3
37,0
36,121
36,103
36,100
36,89
36,86
36,67
36,65
36,28
36,13
36,9
35,3
34,3
33,3
33,0
32,1
31,1
30,4
30,0
29,0
28,138
28,135
28,131
28,96
28,93
28,88
28,83
28,78
28,75
28,70
28,66
28,63
28,58
28,53
28,50
28,45
28,40
28,36
28,32
28,28
28,23
28,20
28,15
28,12
28,9
28,7
28,4
28,1
27,3
26,4
26,0
25,1
24,3
24,0
23,2
23,0
22,0
21,0
20,0
19,2685
19,2680
19,2675
19,2672
19,2667
19,2663
19,2659
19,2655
19,2650
19,2645
19,2642
19,2637
19,2632
19,2629
19,2625
19,2620
19,2615
19,2612
19,2607
19,2602
19,2599
19,2594
19,2590
19,2585
19,2582
19,2577
19,2572
19,2569
19,2564
19,2560
19,2558
19,2555
19,2552
19,2549
19,2547
19,2544
19,2541
19,2539
19,2536
19,2533
19,2530
19,2528
19,2525
19,2522
19,2519
19,2516
19,2513
19,2510
19,2508
19,2505
19,2502
19,2500
19,2497
19,2494
19,2491
19,2489
19,2486
19,2483
19,2481
19,2478
19,2475
19,2473
19,2470
19,2467
19,2464
19,2462
19,2455
19,2453
19,2450
19,2447
19,2444
19,2442
19,2439
19,2436
19,2434
19,2431
19,2428
19,2425
19,2423
19,2420
19,2417
19,2415
19,2412
19,2409
19,2407
19,2404
19,2401
19,2398
19,2396
19,2393
19,2390
19,2388
19,2385
19,2382
19,2379
19,2377
19,2374
19,2371
19,2369
19,2366
19,2363
19,2360
19,2358
19,2355
19,2352
19,2350
19,2347
19,2344
19,2342
19,2339
19,2336
19,2333
19,2331
19,2328
19,2325
19,2323
19,2320
19,2317
19,2314
19,2312
19,2309
19,2306
19,2304
19,2299
19,2294
19,2289
19,2286
19,2281
19,2277
19,2274
19,2269
19,2264
19,2259
19,2256
19,2251
19,2247
19,2243
19,2239
19,2234
19,2231
19,2226
19,2221
19,2216
19,2213
19,2209
19,2204
19,2201
19,2196
19,2191
19,2186
19,2183
19,2178
19,2174
19,2171
19,2166
19,2161
19,2156
19,2153
19,2148
19,2144
19,2140
19,2136
19,2131
19,2128
19,2123
19,2118
19,2113
19,2110
19,2106
19,2101
19,2098
19,2093
19,2088
19,2083
19,2080
19,2075
19,2071
19,2067
19,2063
19,2058
19,2053
19,2050
19,2045
19,2041
19,2037
19,2033
19,2028
19,2023
19,2020
19,2015
19,2010
19,2007
19,2002
19,1998
19,1995
19,1990
19,1985
19,1980
19,1977
19,1972
19,1968
19,1964
19,1960
19,1955
19,1950
19,1947
19,1942
19,1937
19,1934
19,1930
19,1925
19,1920
19,1917
19,1912
19,1907
19,1904
19,1899
19,1895
19,1892
19,1887
19,1882
19,1877
19,1874
19,1869
19,1865
19,1861
19,1857
19,1852
19,1847
19,1844
19,1839
19,1834
19,1831
19,1827
19,1822
19,1817
19,1814
19,1809
19,1804
19,1801
19,1796
19,1792
19,1787
19,1784
19,1779
19,1774
19,1771
19,1766
19,1762
19,1758
19,1754
19,1749
19,1744
19,1741
19,1736
19,1731
19,1728
19,1724
19,1719
19,1714
19,1711
19,1706
19,1701
19,1698
19,1693
19,1689
19,1684
19,1679
19,1671
19,1665
19,1662
19,1654
19,1646
19,1641
19,1635
19,1627
19,1619
19,1614
19,1606
19,1598
19,1594
19,1586
19,1575
19,1554
19,1537
19,1524
19,1504
19,1485
19,1468
19,1465
19,1462
19,1460
19,1457
19,1454
19,1452
19,1449
19,1446
19,1444
19,1441
19,1438
19,1435
19,1433
19,1430
19,1427
19,1425
19,1422
19,1419
19,1416
19,1414
19,1411
19,1408
19,1385
19,1382
19,1379
19,1376
19,1374
1,0
19,1369
19,1367
19,1364
19,1361
19,1358
19,1356
19,1353
19,1350
19,1348
19,1345
19,1342
19,1339
19,1334
19,1330
19,1326
19,1324
19,1320
19,1317
19,1314
19,1310
19,1306
19,1301
19,1298
19,1295
19,1291
19,1289
19,1285
19,1280
19,1277
19,1274
19,1269
19,1265
19,1263
19,1260
19,1257
19,1255
19,1252
19,1249
19,1246
19,1244
19,1241
19,1238
19,1236
19,1233
19,1230
19,1227
19,1225
19,1222
19,1219
19,1217
19,1214
19,1211
19,1208
19,1206
19,1203
19,1200
19,1198
19,1195
19,1192
19,1189
19,1187
19,1184
19,1181
19,1179
19,1176
19,1173
19,1171
19,1168
19,1165
19,1162
19,1160
19,1157
19,1154
19,1152
19,1149
19,1146
19,1143
19,1141
19,1138
19,1135
19,1133
19,1130
19,1127
19,1124
19,1122
19,1119
19,1116
19,1114
19,1111
19,1108
19,1106
19,1103
19,1100
19,1097
19,1095
19,1092
19,1089
19,1087
19,1084
19,1081
19,1078
19,1076
19,1073
19,1070
19,1068
19,1065
19,1062
19,1059
19,1057
19,1054
19,1051
19,1049
19,1046
19,1043
19,1040
19,1038
19,1035
19,1032
19,1030
19,1027
19,1024
19,1022
19,1019
19,1016
19,1013
19,1011
19,1008
19,1005
19,1002
19,999
19,996
19,992
19,990
19,986
19,982
19,980
19,976
19,973
19,969
19,967
19,963
19,960
19,955
19,951
19,947
19,945
19,942
19,939
19,936
19,934
19,931
19,927
19,925
19,922
19,919
19,916
19,913
19,910
19,906
19,904
19,901
19,893
19,889
19,885
19,881
19,876
19,873
19,868
19,863
19,860
19,855
19,851
19,846
19,843
19,838
19,833
19,830
19,825
19,821
19,816
19,813
19,808
19,803
19,800
19,795
19,790
19,786
19,782
19,778
19,773
19,770
19,765
19,760
19,756
19,752
19,748
19,743
19,740
19,735
19,730
19,727
19,721
19,715
19,711
19,707
19,702
19,699
19,697
19,691
19,685
19,677
19,674
19,669
19,664
19,658
19,654
19,645
19,635
19,596
19,510
19,507
19,505
19,502
19,499
19,497
19,493
19,488
19,484
19,481
19,477
19,471
19,464
19,455
19,446
19,435
19,428
19,409
19,389
19,381
19,376
19,370
19,362
19,358
19,351
19,345
19,340
19,333
19,327
19,215
19,104
19,100
19,95
19,93
19,88
19,84
19,81
19,78
19,74
19,69
19,66
18,3
17,3
16,543
16,522
16,480
16,466
16,457
16,453
16,448
16,435
16,411
16,390
16,328
16,313
16,290
16,268
